"logPo2" " T/C" "Ox content" "Charge"  "relax number"  Ca3Co4O9 weight: 0.1406 density:  4.60 molar mass:  499.9 cell volume: 0.600
 -0.381   900.7   9.00001    0.00000  1
 -0.439   900.6   8.99572   -0.35120  2
 -0.518   900.5   8.98900   -0.50110  3
 -0.587   900.6   8.98166   -0.50107  4
 -0.630   900.4   8.97345   -0.50058  5
 -0.652   900.3   8.96470   -0.50117  6
 -0.688   900.3   8.95622   -0.50103  7
 -0.755   900.5   8.94823   -0.50107  8
 -0.836   900.8   8.94025   -0.50083  9
 -0.931   900.6   8.93223   -0.50117  10
 -1.027   900.6   8.92398   -0.50068  11
 -0.970   900.3   8.91418   -0.50115  12
 -0.984   900.0   8.90510   -0.50091  13
 -0.982   900.3   8.89584   -0.50128  14
 -0.987   899.9   8.88666   -0.50119  15
 -0.978   900.0   8.87734   -0.50084  16
 -0.975   900.0   8.86807   -0.50132  17
 -0.986   900.0   8.85896   -0.50105  18
 -0.991   900.0   8.84978   -0.50111  19
 -0.990   900.2   8.84052   -0.50122  20
 -0.992   900.0   8.83131   -0.50121  21
 -0.992   900.1   8.82209   -0.50074  22
 -0.993   900.0   8.81286   -0.50108  23
 -0.992   900.1   8.80362   -0.50110  24
 -0.995   900.0   8.79442   -0.50111  25
 -0.994   900.2   8.78517   -0.50129  26
 -0.994   900.1   8.77593   -0.50138  27
 -0.993   900.1   8.76669   -0.50113  28
 -0.994   900.2   8.75746   -0.50132  29
 -0.993   900.1   8.74822   -0.50099  30
 -0.995   900.0   8.73902   -0.50085  31
 -0.996   900.2   8.72979   -0.50135  32
 -0.996   900.0   8.72056   -0.50094  33
 -1.005   900.1   8.71141   -0.50116  34
 -0.999   900.0   8.70212   -0.50118  35
 -0.997   900.1   8.69286   -0.50119  36
 -0.997   900.3   8.68363   -0.50106  37
 -1.008   900.0   8.67451   -0.50084  38
 -0.998   899.9   8.66518   -0.50120  39
 -0.996   900.1   8.64670   -1.00206  40
 -0.999   900.2   8.62826   -1.00194  41
 -1.000   899.9   8.60981   -1.00203  42
 -0.996   900.2   8.59131   -1.00217  43
 -1.004   900.1   8.57285   -1.00579  44
 -0.996   900.3   8.55430   -1.00245  45
 -1.001   900.2   8.53589   -1.00239  46
 -0.998   900.2   8.51740   -1.00200  47
 -1.007   900.1   8.49901   -1.00268  48
 -0.998   900.4   8.48048   -1.00128  49
 -0.995   900.5   8.46198   -1.00206  50
 -0.998   900.1   8.44355   -1.00234  51
 -1.002   900.2   8.41589   -1.50268  52
 -1.001   900.3   8.38819   -1.50293  53
 -1.002   900.2   8.36051   -1.50277  54
 -1.013   900.2   8.33291   -1.50375  55
 -1.006   900.2   8.30513   -1.50373  56
 -1.008   900.3   8.27745   -1.50354  57
 -1.006   900.5   8.24974   -1.50318  58
 -1.011   900.3   8.20352   -2.51138  59
 -1.023   900.1   8.15734   -2.51215  60
 -1.016   900.3   8.11100   -2.51175  61
 -1.018   900.1   8.06471   -2.51359  62
 -1.024   900.3   8.01846   -2.51281  63
 -1.032   900.2   7.97226   -2.51161  64
 -1.040   900.0   7.92605   -2.51141  65
 -1.056   900.2   7.87992   -2.51148  66
 -1.076   900.2   7.83380   -2.51187  67
 -1.086   900.1   7.78758   -2.51291  68
 -1.136   900.1   7.74167   -2.51264  69
 -1.512   900.2   7.69717   -2.51140  70
 -1.890   900.3   7.67326   -1.33862  71
 -1.864   900.3   7.66012   -0.71123  72
 -1.858   900.3   7.64701   -0.71146  73
 -1.850   900.4   7.60070   -2.51253  74
 -1.848   900.4   7.55440   -2.51285  75
 -1.855   900.3   7.50832   -2.50174  76
 -1.855   900.4   7.46201   -2.51301  77
 -1.852   900.2   7.41572   -2.51231  78
 -1.857   900.3   7.36943   -2.51268  79
 -1.861   900.3   7.32313   -2.51305  80
 -1.867   900.3   7.27684   -2.51285  81
 -1.870   900.3   7.23056   -2.51202  82
 -1.869   900.2   7.18428   -2.51206  83
 -1.880   900.2   7.13799   -2.51311  84
 -1.877   900.6   7.09171   -2.51123  85
 -1.874   900.5   7.04536   -2.51562  86
 -1.892   900.2   6.99911   -2.51159  87
 -1.888   900.7   6.95281   -2.51235  88
 -1.902   900.6   6.90654   -2.51211  89
 -1.914   900.6   6.86025   -2.51332  90
 -1.955   900.5   6.81400   -2.51274  91
 -2.711   900.5   6.76826   -2.50356  92
 -1.917   900.7   6.78012    0.66693  93
 -1.869   900.6   6.78316    0.16836  94
 -1.841   900.8   6.78622    0.16837  95
 -1.785   900.7   6.80854    1.21585  96
 -1.781   900.6   6.85486    2.51415  97
 -1.778   900.7   6.90117    2.51377  98
 -1.777   900.7   6.94744    2.51119  99
 -1.778   900.8   6.99373    2.51264  100
 -1.776   900.9   7.04003    2.51276  101
 -1.774   900.9   7.08632    2.51241  102
 -1.790   900.5   7.13262    2.51170  103
 -1.777   900.8   7.17888    2.51208  104
 -1.780   901.0   7.22519    2.51293  105
 -1.780   900.6   7.27149    2.51308  106
 -1.782   900.5   7.31777    2.51154  107
 -1.781   900.4   7.36405    2.51181  108
 -1.769   901.0   7.41031    2.51160  109
 -1.774   900.6   7.45660    2.51218  110
 -1.774   900.6   7.50286    2.51079  111
 -1.768   900.8   7.54915    2.51269  112
 -1.765   900.7   7.59542    2.51142  113
 -1.750   900.7   7.64168    2.51235  114
 -1.258   900.8   7.68641    2.51274  115
 -0.820   901.0   7.70124    1.02413  116
 -0.779   900.7   7.70924    0.46849  117
 -0.828   900.7   7.71861    0.46838  118
 -0.877   900.5   7.75491    1.93359  119
 -0.906   900.4   7.80155    2.51230  120
 -0.898   900.7   7.84775    2.51242  121
 -0.910   900.6   7.89419    2.51284  122
 -0.913   900.6   7.94033    2.50258  123
 -0.916   900.5   7.98647    2.50199  124
 -0.914   900.7   8.03274    2.51281  125
 -0.911   900.7   8.07899    2.51222  126
 -0.911   900.7   8.12527    2.51168  127
 -0.911   900.5   8.17156    2.51186  128
 -0.921   900.4   8.21796    2.51200  129
 -0.914   900.5   8.26417    2.51269  130
 -0.905   900.6   8.31037    2.51326  131
 -0.902   900.6   8.35660    2.51117  132
 -0.906   900.5   8.40295    2.51281  133
 -0.904   900.5   8.44923    2.51334  134
 -0.902   900.5   8.49553    2.51369  135
 -0.892   900.5   8.54170    2.51241  136
 -0.882   900.7   8.58787    2.51285  137
 -0.871   900.8   8.63403    2.51299  138
 -0.874   900.7   8.68036    2.51309  139
 -0.875   900.5   8.72666    2.51193  140
 -0.862   900.3   8.77277    2.51183  141
 -0.831   900.7   8.81862    2.51123  142
 -0.824   900.4   8.86480    2.51243  143
 -0.743   900.6   8.90981    2.51257  144
 -0.563   900.5   8.95218    2.51171  145
 -0.186   900.9   8.98261    2.51264  146
 -0.553   849.3   8.99766    0.00000  147
 -0.389   850.2   9.01671    1.33762  148
 -0.170   850.0   9.03522    1.64408  149
 -0.421   849.9   9.02058   -1.50263  150
 -0.668   849.7   9.00570   -1.19923  151
 -0.893   850.0   8.99157   -0.97357  152
 -1.106   850.0   8.97774   -0.86944  153
 -1.273   849.8   8.96379   -0.81648  154
 -1.391   849.7   8.94631   -0.97880  155
 -1.621   849.9   8.91643   -1.66165  156
 -1.609   849.8   8.88965   -1.45191  157
 -1.403   849.8   8.91578    1.45393  158
 -1.272   850.0   8.93364    1.00223  159
 -1.080   849.6   8.95080    1.00237  160
 -0.952   850.0   8.96801    1.00212  161
 -0.842   849.8   8.98505    1.00199  162
 -0.669   849.8   9.00053    1.00802  163
 -0.486   849.9   9.01406    1.00154  164
 -0.322   849.8   9.02593    1.00261  165
 -0.178   850.0   9.03619    1.00291  166
 -0.393   800.8   9.04675    0.00000  167
 -0.261   799.8   9.05859    1.00186  168
 -0.445   800.0   9.04886   -1.00242  169
 -0.665   799.4   9.03694   -1.00192  170
 -0.890   799.4   9.02413   -0.91370  171
 -1.106   799.5   9.01147   -0.81325  172
 -1.325   799.1   8.99898   -0.75475  173
 -1.525   799.4   8.98705   -0.69132  174
 -1.299   799.3   8.99891    0.69422  175
 -1.115   799.2   9.00906    0.61739  176
 -0.928   799.3   9.01954    0.67158  177
 -0.743   799.6   9.02995    0.72121  178
 -0.572   799.2   9.04032    0.78139  179
 -0.397   799.4   9.05103    0.91352  180
 -0.240   799.5   9.06151    1.00539  181
 -0.462   749.8   9.07137    0.00000  182
 -0.293   749.9   9.08192    1.00164  183
 -0.481   749.8   9.07207   -1.00217  184
 -0.707   749.9   9.06006   -1.00224  185
 -0.943   749.9   9.04764   -0.89014  186
 -1.168   749.7   9.03595   -0.75444  187
 -1.379   749.6   9.02479   -0.67440  188
 -1.587   749.2   9.01375   -0.64071  189
 -1.782   749.5   9.00283   -0.61702  190
 -1.996   749.5   8.99144   -0.63515  191
 -2.195   749.5   8.98064   -0.59600  192
 -2.394   749.6   8.96966   -0.60202  193
 -2.598   749.4   8.95860   -0.60419  194
 -2.797   749.5   8.94769   -0.59476  195
 -2.994   749.5   8.93671   -0.59750  196
 -3.187   749.6   8.92548   -0.61021  197
 -3.345   749.5   8.91380   -0.63429  198
 -3.434   749.6   8.89900   -0.80361  199
 -2.455   800.0   8.89886    0.00000  200
 -1.587   850.9   8.89788    0.00000  201
 -0.940   900.4   8.89419    0.00000  202
 -0.956   900.2   8.87955   -0.80408  203
 -1.454   850.3   8.88266    0.00000  204
 -2.005   799.6   8.88375    0.00000  205
 -2.489   750.4   8.88405    0.00000  206
 -2.042   799.3   8.88379    0.00000  207
 -1.565   850.0   8.88301    0.00000  208
 -0.945   900.6   8.87943    0.00000  209
 -0.952   901.0   8.84242   -2.01317  210
 -1.491   849.4   8.84569    0.00000  211
 -2.063   799.6   8.84671    0.00000  212
 -2.559   750.4   8.84698    0.00000  213
 -2.103   799.2   8.84675    0.00000  214
 -1.590   850.0   8.84598    0.00000  215
 -0.955   900.5   8.84245    0.00000  216
 -0.958   900.9   8.80538   -2.01340  217
 -1.519   849.3   8.80868    0.00000  218
 -2.077   799.9   8.80963    0.00000  219
 -2.594   749.6   8.80989    0.00000  220
 -2.129   799.1   8.80967    0.00000  221
 -1.599   850.1   8.80891    0.00000  222
 -0.959   900.6   8.80540    0.00000  223
 -0.967   900.3   8.74999   -3.01179  224
 -1.511   850.5   8.75317    0.00000  225
 -2.116   799.0   8.75417    0.00000  226
 -2.623   750.5   8.75441    0.00000  227
 -2.158   799.3   8.75420    0.00000  228
 -1.591   850.5   8.75339    0.00000  229
 -0.976   899.8   8.75008    0.00000  230
 -0.976   900.1   8.69460   -3.01073  231
 -1.523   850.4   8.69773    0.00000  232
 -2.129   799.3   8.69871    0.00000  233
 -2.657   749.7   8.69894    0.00000  234
 -2.179   799.3   8.69874    0.00000  235
 -1.602   850.4   8.69795    0.00000  236
 -0.986   900.2   8.69470    0.00000  237
 -0.968   900.3   8.63902   -3.01246  238
 -1.532   849.9   8.64225    0.00000  239
 -2.142   799.1   8.64321    0.00000  240
 -2.666   750.8   8.64344    0.00000  241
 -2.190   799.3   8.64325    0.00000  242
 -1.612   850.1   8.64247    0.00000  243
 -0.977   900.6   8.63911    0.00000  244
 -0.978   900.9   8.58358   -3.01470  245
 -1.542   849.8   8.58674    0.00000  246
 -2.160   799.2   8.58768    0.00000  247
 -2.691   750.7   8.58790    0.00000  248
 -2.210   799.6   8.58771    0.00000  249
 -1.623   850.3   8.58695    0.00000  250
 -0.989   900.3   8.58369    0.00000  251
 -0.980   901.0   8.52814   -3.00984  252
 -1.536   850.7   8.53126    0.00000  253
 -2.172   799.2   8.53223    0.00000  254
 -2.709   750.8   8.53245    0.00000  255
 -2.221   799.4   8.53227    0.00000  256
 -1.625   850.1   8.53150    0.00000  257
 -0.993   900.3   8.52827    0.00000  258
 -0.991   900.2   8.47277   -3.01123  259
 -1.538   850.9   8.47579    0.00000  260
 -2.176   799.9   8.47675    0.00000  261
 -2.793   750.4   8.47698    0.00000  262
 -2.258   799.1   8.47681    0.00000  263
 -1.627   850.0   8.47602    0.00000  264
 -0.987   900.5   8.47273    0.00000  265
 -0.991   900.2   8.41729   -3.01084  266
 -1.543   850.8   8.42033    0.00000  267
 -2.190   799.3   8.42129    0.00000  268
 -2.813   749.7   8.42151    0.00000  269
 -2.261   799.2   8.42133    0.00000  270
 -1.633   850.1   8.42056    0.00000  271
 -1.001   900.1   8.41739    0.00000  272
 -0.990   900.9   8.36182   -3.01085  273
 -1.562   849.8   8.36491    0.00000  274
 -2.204   799.2   8.36582    0.00000  275
 -2.836   749.6   8.36604    0.00000  276
 -2.270   799.2   8.36586    0.00000  277
 -1.632   850.3   8.36509    0.00000  278
 -1.004   900.1   8.36194    0.00000  279
 -0.995   900.9   8.30636   -3.01174  280
 -1.557   850.6   8.30940    0.00000  281
 -2.207   799.4   8.31033    0.00000  282
 -2.851   749.5   8.31055    0.00000  283
 -2.277   799.3   8.31038    0.00000  284
 -1.631   849.5   8.30959    0.00000  285
 -1.020   899.3   8.30660    0.00000  286
 -1.007   900.0   8.25099   -3.01158  287
 -1.561   850.7   8.25392    0.00000  288
 -2.217   799.4   8.25485    0.00000  289
 -2.852   750.5   8.25506    0.00000  290
 -2.281   799.2   8.25489    0.00000  291
 -1.635   850.2   8.25411    0.00000  292
 -1.005   900.3   8.25097    0.00000  293
 -1.001   900.4   8.19546   -3.01097  294
 -1.562   850.9   8.19845    0.00000  295
 -2.224   799.3   8.19938    0.00000  296
 -2.882   749.3   8.19959    0.00000  297
 -2.286   799.1   8.19942    0.00000  298
 -1.637   849.9   8.19864    0.00000  299
 -1.013   900.2   8.19557    0.00000  300
 -1.006   900.7   8.14006   -3.00934  301
 -1.575   850.6   8.14304    0.00000  302
 -2.225   800.1   8.14393    0.00000  303
 -2.903   749.2   8.14415    0.00000  304
 -2.269   800.1   8.14396    0.00000  305
 -1.636   850.1   8.14319    0.00000  306
 -1.016   900.1   8.14015    0.00000  307
 -1.010   900.7   8.08460   -3.01193  308
 -1.576   850.6   8.08755    0.00000  309
 -2.244   799.1   8.08845    0.00000  310
 -2.923   749.9   8.08866    0.00000  311
 -2.271   800.0   8.08847    0.00000  312
 -1.633   850.1   8.08769    0.00000  313
 -1.013   900.4   8.08463    0.00000  314
 -1.012   900.7   8.02913   -3.01217  315
 -1.588   850.5   8.03208    0.00000  316
 -2.252   799.2   8.03296    0.00000  317
 -2.940   749.2   8.03316    0.00000  318
 -2.291   799.0   8.03298    0.00000  319
 -1.631   850.3   8.03219    0.00000  320
 -1.021   900.1   8.02921    0.00000  321
 -1.013   900.8   7.97362   -3.01286  322
 -1.585   850.4   7.97656    0.00000  323
 -2.262   799.0   7.97745    0.00000  324
 -2.945   750.2   7.97765    0.00000  325
 -2.284   799.1   7.97746    0.00000  326
 -1.630   850.0   7.97667    0.00000  327
 -1.013   900.4   7.97362    0.00000  328
 -1.021   900.8   7.91821   -3.01179  329
 -1.588   850.9   7.92108    0.00000  330
 -2.264   800.0   7.92196    0.00000  331
 -2.971   750.3   7.92216    0.00000  332
 -2.298   799.1   7.92198    0.00000  333
 -1.628   849.9   7.92118    0.00000  334
 -1.029   900.2   7.91828    0.00000  335
 -1.016   900.8   7.89970   -1.00177  336
 -1.587   850.4   7.90261    0.00000  337
 -2.273   799.2   7.90351    0.00000  338
 -2.995   749.2   7.90370    0.00000  339
 -2.288   799.0   7.90352    0.00000  340
 -1.621   850.0   7.90270    0.00000  341
 -1.028   900.4   7.89981    0.00000  342
 -1.023   900.7   7.88129   -1.00234  343
 -1.622   849.5   7.88423    0.00000  344
 -2.277   799.5   7.88504    0.00000  345
 -3.019   749.4   7.88524    0.00000  346
 -2.287   800.2   7.88505    0.00000  347
 -1.628   849.8   7.88425    0.00000  348
 -1.031   900.5   7.88137    0.00000  349
 -1.022   900.9   7.86273   -1.00715  350
 -1.608   849.7   7.86564    0.00000  351
 -2.290   799.1   7.86649    0.00000  352
 -3.029   749.3   7.86668    0.00000  353
 -2.304   799.1   7.86650    0.00000  354
 -1.619   850.0   7.86567    0.00000  355
 -1.034   900.2   7.86284    0.00000  356
 -1.033   900.3   7.84437   -1.00217  357
 -1.592   850.8   7.84714    0.00000  358
 -2.296   799.2   7.84803    0.00000  359
 -3.031   750.3   7.84822    0.00000  360
 -2.306   799.1   7.84804    0.00000  361
 -1.616   849.9   7.84720    0.00000  362
 -1.036   900.1   7.84439    0.00000  363
 -1.027   900.0   7.82583   -1.00293  364
 -1.590   850.6   7.82865    0.00000  365
 -2.303   799.1   7.82955    0.00000  366
 -3.049   750.1   7.82974    0.00000  367
 -2.283   799.9   7.82954    0.00000  368
 -1.612   850.0   7.82871    0.00000  369
 -1.036   900.1   7.82591    0.00000  370
 -1.038   901.0   7.80746   -1.00238  371
 -1.606   850.6   7.81023    0.00000  372
 -2.324   799.1   7.81110    0.00000  373
 -3.083   750.3   7.81127    0.00000  374
 -2.319   799.1   7.81109    0.00000  375
 -1.613   850.7   7.81024    0.00000  376
 -1.049   899.6   7.80756    0.00000  377
 -1.059   900.1   7.78918   -1.00220  378
 -1.617   850.7   7.79179    0.00000  379
 -2.346   799.3   7.79264    0.00000  380
 -3.145   749.3   7.79281    0.00000  381
 -2.313   800.3   7.79263    0.00000  382
 -1.623   850.2   7.79180    0.00000  383
 -1.044   900.4   7.78905    0.00000  384
 -1.049   900.5   7.77063   -1.00239  385
 -1.615   850.8   7.77331    0.00000  386
 -2.352   799.3   7.77418    0.00000  387
 -3.173   749.3   7.77435    0.00000  388
 -2.327   800.0   7.77416    0.00000  389
 -1.621   850.1   7.77333    0.00000  390
 -1.051   900.3   7.77064    0.00000  391
 -1.075   900.3   7.75237   -1.00269  392
 -1.646   850.7   7.75491    0.00000  393
 -2.404   799.1   7.75572    0.00000  394
 -3.229   750.3   7.75588    0.00000  395
 -2.403   799.1   7.75572    0.00000  396
 -1.648   849.8   7.75492    0.00000  397
 -1.066   900.2   7.75229    0.00000  398
 -1.103   900.1   7.73405   -1.00637  399
 -1.685   850.7   7.73646    0.00000  400
 -2.467   799.1   7.73721    0.00000  401
 -3.332   750.1   7.73734    0.00000  402
 -2.438   799.9   7.73720    0.00000  403
 -1.683   849.8   7.73645    0.00000  404
 -1.088   900.0   7.73393    0.00000  405
 -1.188   900.0   7.71617   -1.00227  406
 -1.807   850.6   7.71821    0.00000  407
 -2.633   799.1   7.71879    0.00000  408
 -3.530   750.4   7.71888    0.00000  409
 -2.633   799.1   7.71879    0.00000  410
 -1.804   849.8   7.71821    0.00000  411
 -1.163   900.1   7.71600    0.00000  412
 -1.618   900.8   7.69941   -1.00254  413
 -2.379   850.2   7.70024    0.00000  414
 -3.271   799.3   7.70040    0.00000  415
 -4.239   749.4   7.70042    0.00000  416
 -3.280   799.0   7.70040    0.00000  417
 -2.372   849.8   7.70024    0.00000  418
 -1.609   900.2   7.69939    0.00000  419
 -1.817   900.6   7.69149   -0.44998  420
 -2.619   849.2   7.69203    0.00000  421
 -3.503   799.2   7.69212    0.00000  422
 -4.485   749.3   7.69213    0.00000  423
 -3.522   799.0   7.69212    0.00000  424
 -2.603   849.9   7.69202    0.00000  425
 -1.812   900.1   7.69149    0.00000  426
 -1.982   900.6   7.68350   -0.44469  427
 -2.751   850.3   7.68386    0.00000  428
 -3.627   799.4   7.68393    0.00000  429
 -4.552   749.8   7.68394    0.00000  430
 -3.593   799.2   7.68393    0.00000  431
 -2.660   849.9   7.68384    0.00000  432
 -1.856   900.1   7.68335    0.00000  433
 -1.857   900.2   7.66490   -1.00161  434
 -2.547   850.3   7.66536    0.00000  435
 -3.385   799.4   7.66547    0.00000  436
 -4.291   749.8   7.66548    0.00000  437
 -3.362   799.2   7.66547    0.00000  438
 -2.470   849.7   7.66534    0.00000  439
 -1.798   900.4   7.66482    0.00000  440
 -1.857   900.7   7.64644   -1.00181  441
 -2.523   850.5   7.64690    0.00000  442
 -3.334   799.4   7.64701    0.00000  443
 -4.227   749.7   7.64702    0.00000  444
 -3.302   799.4   7.64700    0.00000  445
 -2.427   850.1   7.64686    0.00000  446
 -1.810   900.4   7.64638    0.00000  447
 -1.844   900.8   7.62797   -1.00196  448
 -2.476   850.3   7.62842    0.00000  449
 -3.277   799.7   7.62854    0.00000  450
 -4.181   749.1   7.62856    0.00000  451
 -3.246   799.7   7.62854    0.00000  452
 -2.395   850.1   7.62839    0.00000  453
 -1.810   900.3   7.62792    0.00000  454
 -1.881   900.1   7.60953   -1.00306  455
 -2.499   850.4   7.60995    0.00000  456
 -3.287   799.7   7.61006    0.00000  457
 -4.175   749.1   7.61008    0.00000  458
 -3.254   799.5   7.61006    0.00000  459
 -2.404   850.1   7.60991    0.00000  460
 -1.814   900.3   7.60944    0.00000  461
 -1.841   900.6   7.59101   -1.00232  462
 -2.471   850.7   7.59147    0.00000  463
 -3.254   799.5   7.59159    0.00000  464
 -4.116   750.1   7.59161    0.00000  465
 -3.218   799.7   7.59159    0.00000  466
 -2.386   850.3   7.59144    0.00000  467
 -1.811   900.7   7.59097    0.00000  468
 -1.857   900.4   7.53553   -3.01233  469
 -2.474   850.8   7.53597    0.00000  470
 -3.230   799.7   7.53609    0.00000  471
 -4.074   749.3   7.53611    0.00000  472
 -3.186   799.5   7.53609    0.00000  473
 -2.393   850.4   7.53594    0.00000  474
 -1.833   900.6   7.53550    0.00000  475
 -1.880   900.3   7.48009   -3.01050  476
 -2.478   850.6   7.48050    0.00000  477
 -3.216   799.7   7.48062    0.00000  478
 -4.045   749.2   7.48064    0.00000  479
 -3.165   800.3   7.48062    0.00000  480
 -2.406   850.2   7.48047    0.00000  481
 -1.840   900.4   7.48004    0.00000  482
 -1.859   900.5   7.42459   -3.01105  483
 -2.464   850.6   7.42502    0.00000  484
 -3.196   799.8   7.42514    0.00000  485
 -4.017   749.2   7.42516    0.00000  486
 -3.146   800.2   7.42514    0.00000  487
 -2.420   849.3   7.42500    0.00000  488
 -1.839   900.8   7.42456    0.00000  489
 -1.863   900.3   7.36912   -3.01046  490
 -2.456   850.6   7.36955    0.00000  491
 -3.181   799.7   7.36967    0.00000  492
 -3.994   749.1   7.36970    0.00000  493
 -3.128   800.3   7.36967    0.00000  494
 -2.410   850.1   7.36953    0.00000  495
 -1.847   900.4   7.36910    0.00000  496
 -1.873   900.2   7.31369   -3.00960  497
 -2.460   850.7   7.31410    0.00000  498
 -3.176   799.6   7.31422    0.00000  499
 -3.965   749.7   7.31424    0.00000  500
 -3.130   800.2   7.31422    0.00000  501
 -2.417   850.2   7.31408    0.00000  502
 -1.849   900.6   7.31365    0.00000  503
 -1.866   901.0   7.25818   -3.01201  504
 -2.454   850.7   7.25860    0.00000  505
 -3.159   799.7   7.25872    0.00000  506
 -3.932   750.3   7.25875    0.00000  507
 -3.131   799.0   7.25872    0.00000  508
 -2.422   850.0   7.25859    0.00000  509
 -1.858   900.2   7.25817    0.00000  510
 -1.873   900.9   7.20269   -3.01221  511
 -2.455   850.7   7.20310    0.00000  512
 -3.151   799.3   7.20322    0.00000  513
 -3.906   749.6   7.20325    0.00000  514
 -3.132   799.1   7.20322    0.00000  515
 -2.431   850.0   7.20309    0.00000  516
 -1.863   900.3   7.20268    0.00000  517
 -1.879   900.1   7.14719   -3.01240  518
 -2.449   850.7   7.14759    0.00000  519
 -3.123   799.5   7.14772    0.00000  520
 -3.858   749.8   7.14775    0.00000  521
 -3.057   800.0   7.14771    0.00000  522
 -2.425   850.1   7.14759    0.00000  523
 -1.865   900.3   7.14718    0.00000  524
 -1.867   900.8   7.14534   -0.10012  525
 -2.442   850.4   7.14575    0.00000  526
 -3.120   799.3   7.14587    0.00000  527
 -3.848   749.8   7.14590    0.00000  528
 -3.102   799.5   7.14587    0.00000  529
 -2.419   850.4   7.14574    0.00000  530
 -1.857   900.6   7.14533    0.00000  531
 -1.888   900.1   7.09746   -2.59989  532
 -2.441   851.0   7.09785    0.00000  533
 -3.105   799.7   7.09797    0.00000  534
 -3.842   749.1   7.09800    0.00000  535
 -3.086   799.1   7.09797    0.00000  536
 -2.429   850.2   7.09784    0.00000  537
 -1.870   900.3   7.09744    0.00000  538
 -1.902   900.1   7.04200   -3.01104  539
 -2.449   850.7   7.04237    0.00000  540
 -3.100   799.6   7.04249    0.00000  541
 -3.805   749.6   7.04252    0.00000  542
 -3.109   799.0   7.04249    0.00000  543
 -2.446   850.2   7.04237    0.00000  544
 -1.886   900.5   7.04198    0.00000  545
 -1.898   900.2   6.98652   -3.01068  546
 -2.442   850.6   6.98690    0.00000  547
 -3.083   799.7   6.98702    0.00000  548
 -3.776   749.4   6.98705    0.00000  549
 -3.083   800.1   6.98702    0.00000  550
 -2.451   850.2   6.98690    0.00000  551
 -1.895   900.5   6.98652    0.00000  552
 -1.910   900.3   6.93104   -3.01217  553
 -2.442   850.6   6.93140    0.00000  554
 -3.064   800.1   6.93152    0.00000  555
 -3.748   749.6   6.93155    0.00000  556
 -3.094   799.5   6.93152    0.00000  557
 -2.463   850.5   6.93141    0.00000  558
 -1.896   900.9   6.93102    0.00000  559
 -1.927   900.7   6.87556   -3.01230  560
 -2.451   850.0   6.87590    0.00000  561
 -3.059   799.5   6.87602    0.00000  562
 -3.717   749.6   6.87605    0.00000  563
 -3.091   799.4   6.87602    0.00000  564
 -2.483   850.1   6.87591    0.00000  565
 -1.905   900.7   6.87553    0.00000  566
 -2.011   899.8   6.82018   -3.01059  567
 -2.430   850.1   6.82042    0.00000  568
 -3.004   799.8   6.82054    0.00000  569
 -3.637   749.4   6.82058    0.00000  570
 -3.067   800.3   6.82055    0.00000  571
 -2.515   850.5   6.82045    0.00000  572
 -1.998   900.2   6.82016    0.00000  573
 -2.088   900.3   6.80177   -1.00242  574
 -2.403   850.6   6.80194    0.00000  575
 -2.981   799.0   6.80207    0.00000  576
 -3.562   750.1   6.80210    0.00000  577
 -3.074   799.1   6.80208    0.00000  578
 -2.554   850.5   6.80199    0.00000  579
 -2.087   900.2   6.80177    0.00000  580
 -2.312   900.7   6.78346   -1.00172  581
 -2.385   849.5   6.78348    0.00000  582
 -2.932   800.0   6.78361    0.00000  583
 -3.519   750.2   6.78365    0.00000  584
 -3.107   799.6   6.78362    0.00000  585
 -2.662   849.9   6.78356    0.00000  586
 -2.028   900.8   6.78327    0.00000  587
 -4.838   900.0   6.74669   -2.00671  588
 -5.204   849.8   6.74669    0.00000  589
 -5.575   799.3   6.74669    0.00000  590
 -5.879   749.1   6.74669    0.00000  591
 -5.613   799.8   6.74669    0.00000  592
 -5.273   850.2   6.74669    0.00000  593
 -4.711   900.0   6.74669    0.00000  594
 -4.956   899.9   6.74392   -0.14992  595
 -5.368   849.8   6.74392    0.00000  596
 -5.764   799.3   6.74392    0.00000  597
 -6.065   749.8   6.74392    0.00000  598
 -5.794   799.6   6.74392    0.00000  599
 -5.424   850.1   6.74392    0.00000  600
 -4.870   900.0   6.74392    0.00000  601
 -5.247   900.1   6.74043   -0.18962  602
 -5.628   850.0   6.74043    0.00000  603
 -5.967   799.8   6.74043    0.00000  604
 -6.171   749.4   6.74043    0.00000  605
 -6.002   799.8   6.74043    0.00000  606
 -5.674   850.6   6.74043    0.00000  607
 -5.147   900.7   6.74043    0.00000  608
 -5.542   901.0   6.73791   -0.13694  609
 -5.067   900.0   6.73976    0.10074  610
 -4.699   900.1   6.74161    0.10023  611
 -4.396   900.2   6.74346    0.10027  612
 -4.118   900.3   6.74530    0.10021  613
 -3.854   900.7   6.74714    0.10015  614
 -3.616   900.4   6.74899    0.10025  615
 -3.407   900.6   6.75083    0.10015  616
 -2.822   899.6   6.75263    0.10026  617
 -2.739   899.5   6.75446    0.10025  618
 -2.526   899.6   6.75626    0.10028  619
 -2.322   899.5   6.75803    0.10029  620
 -2.136   899.5   6.75977    0.10018  621
 -1.966   899.8   6.76160    0.10754  622
 -1.891   899.6   6.76386    0.12724  623
 -1.888   899.7   6.76620    0.12720  624
 -1.785   899.6   6.83987    4.00623  625
 -1.787   899.7   6.91375    4.00971  626
 -1.794   899.4   6.98763    4.00885  627
 -1.794   899.6   7.06151    4.00995  628
 -1.788   899.9   7.13541    4.01141  629
 -1.790   899.8   7.20931    4.01082  630
 -1.793   899.7   7.28320    4.00975  631
 -1.793   899.6   7.35708    4.01007  632
 -1.790   899.8   7.43092    4.00746  633
 -1.777   900.6   7.50479    4.01026  634
 -1.774   900.6   7.57863    4.00836  635
 -1.768   900.0   7.65246    4.00724  636
 -1.006   899.6   7.72288    4.00827  637
 -0.958   899.7   7.74181    1.05372  638
 -0.943   899.7   7.76106    1.05348  639
 -0.946   899.8   7.83495    4.00847  640
 -0.949   899.7   7.90881    4.00730  641
 -0.947   899.7   7.98265    4.00861  642
 -0.949   899.5   8.05651    4.00777  643
 -0.948   899.7   8.13035    4.00790  644
 -0.945   899.6   8.20419    4.00915  645
 -0.942   899.6   8.27800    4.00783  646
 -0.956   899.4   8.35203    4.00960  647
 -0.942   899.3   8.42572    4.00830  648
 -0.935   899.4   8.49951    4.00911  649
 -0.938   899.4   8.57338    4.00781  650
 -0.923   899.3   8.64709    4.00941  651
 -0.923   899.3   8.72094    4.00796  652
 -0.908   899.6   8.79463    4.00904  653
 -0.853   900.2   8.86778    4.00797  654
 -0.664   900.1   8.93844    4.00976  655
 -0.095   900.4   8.98764    4.01054  656
 -0.104   900.6   8.98838    0.00000  657
  0.059   949.3   8.97521    0.00000  658
 -1.205   749.5   9.01659   -0.10030  659
 -1.246   749.1   9.01686    0.00000  660
 -1.577   749.7   8.99988   -1.00062  661
 -1.920   749.7   8.98211   -1.00269  662
 -2.286   749.5   8.96401   -1.00032  663
 -2.652   749.7   8.94564   -1.00465  664
 -2.993   749.8   8.92726   -1.00064  665
 -3.250   750.0   8.90879   -1.00355  666
 -3.364   750.0   8.89037   -1.00012  667
 -3.371   750.1   8.85821   -1.74545  668
 -3.379   750.1   8.82607   -1.74474  669
 -3.380   750.1   8.77076   -3.00149  670
 -3.381   750.3   8.71546   -3.00168  671
 -3.380   750.2   8.66018   -3.00034  672
 -3.380   750.3   8.60488   -3.00116  673
 -3.382   750.2   8.54960   -3.00049  674
 -3.396   750.0   8.49431   -3.00089  675
 -3.385   750.2   8.40216   -5.00104  676
 -3.396   750.3   8.31000   -5.00187  677
 -3.381   750.5   8.21787   -5.00064  678
 -3.391   750.2   8.08888   -7.00074  679
 -3.385   750.7   7.95989   -7.00075  680
 -3.383   750.8   7.83088   -7.00204  681
 -3.388   750.6   7.70190   -7.00012  682
 -3.397   750.7   7.57291   -7.00090  683
 -3.412   750.5   7.44392   -7.00087  684
 -3.412   750.4   7.31494   -7.00004  685
 -3.426   750.4   7.18597   -7.00020  686
 -3.456   749.8   7.05699   -7.00032  687
 -3.516   749.8   6.92801   -7.00004  688
 -3.944   750.4   6.79903   -7.00081  689
-10.880   750.7   6.73868   -3.27585  690
-14.943   750.4   6.72025   -1.00054  691
-15.731   750.0   6.70182   -1.00005  692
-12.447   750.3   6.72026    1.00064  693
