"logPo2" " T/C" "Ox content" "Charge"  "relax number"  Ca3Co4O9 weight: 0.1406 density:  4.60 molar mass:  499.9 cell volume: 0.600
 -0.381   900.7   9.00001    0.00000  1
 -0.439   900.6   8.99572   -0.35120  2
 -0.518   900.5   8.98900   -0.50110  3
 -0.587   900.6   8.98166   -0.50107  4
 -0.630   900.4   8.97345   -0.50058  5
 -0.652   900.3   8.96470   -0.50117  6
 -0.688   900.3   8.95622   -0.50103  7
 -0.755   900.5   8.94823   -0.50107  8
 -0.836   900.8   8.94025   -0.50083  9
 -0.931   900.6   8.93223   -0.50117  10
 -1.027   900.6   8.92398   -0.50068  11
 -0.970   900.3   8.91418   -0.50115  12
 -0.984   900.0   8.90510   -0.50091  13
 -0.982   900.3   8.89584   -0.50128  14
 -0.987   899.9   8.88666   -0.50119  15
 -0.978   900.0   8.87734   -0.50084  16
 -0.975   900.0   8.86807   -0.50132  17
 -0.986   900.0   8.85896   -0.50105  18
 -0.991   900.0   8.84978   -0.50111  19
 -0.990   900.2   8.84052   -0.50122  20
 -0.992   900.0   8.83131   -0.50121  21
 -0.992   900.1   8.82209   -0.50074  22
 -0.993   900.0   8.81286   -0.50108  23
 -0.992   900.1   8.80362   -0.50110  24
 -0.995   900.0   8.79442   -0.50111  25
 -0.994   900.2   8.78517   -0.50129  26
 -0.994   900.1   8.77593   -0.50138  27
 -0.993   900.1   8.76669   -0.50113  28
 -0.994   900.2   8.75746   -0.50132  29
 -0.993   900.1   8.74822   -0.50099  30
 -0.995   900.0   8.73902   -0.50085  31
 -0.996   900.2   8.72979   -0.50135  32
 -0.996   900.0   8.72056   -0.50094  33
 -1.005   900.1   8.71141   -0.50116  34
 -0.999   900.0   8.70212   -0.50118  35
 -0.997   900.1   8.69286   -0.50119  36
 -0.997   900.3   8.68363   -0.50106  37
 -1.008   900.0   8.67451   -0.50084  38
 -0.998   899.9   8.66518   -0.50120  39
 -0.996   900.1   8.64670   -1.00206  40
 -0.999   900.2   8.62826   -1.00194  41
 -1.000   899.9   8.60981   -1.00203  42
 -0.996   900.2   8.59131   -1.00217  43
 -1.004   900.1   8.57285   -1.00579  44
 -0.996   900.3   8.55430   -1.00245  45
 -1.001   900.2   8.53589   -1.00239  46
 -0.998   900.2   8.51740   -1.00200  47
 -1.007   900.1   8.49901   -1.00268  48
 -0.998   900.4   8.48048   -1.00128  49
 -0.995   900.5   8.46198   -1.00206  50
 -0.998   900.1   8.44355   -1.00234  51
 -1.002   900.2   8.41589   -1.50268  52
 -1.001   900.3   8.38819   -1.50293  53
 -1.002   900.2   8.36051   -1.50277  54
 -1.013   900.2   8.33291   -1.50375  55
 -1.006   900.2   8.30513   -1.50373  56
 -1.008   900.3   8.27745   -1.50354  57
 -1.006   900.5   8.24974   -1.50318  58
 -1.011   900.3   8.20352   -2.51138  59
 -1.023   900.1   8.15734   -2.51215  60
 -1.016   900.3   8.11100   -2.51175  61
 -1.018   900.1   8.06471   -2.51359  62
 -1.024   900.3   8.01846   -2.51281  63
 -1.032   900.2   7.97226   -2.51161  64
 -1.040   900.0   7.92605   -2.51141  65
 -1.056   900.2   7.87992   -2.51148  66
 -1.076   900.2   7.83380   -2.51187  67
 -1.086   900.1   7.78758   -2.51291  68
 -1.136   900.1   7.74167   -2.51264  69
 -1.512   900.2   7.69717   -2.51140  70
 -1.890   900.3   7.67326   -1.33862  71
 -1.864   900.3   7.66012   -0.71123  72
 -1.858   900.3   7.64701   -0.71146  73
 -1.850   900.4   7.60070   -2.51253  74
 -1.848   900.4   7.55440   -2.51285  75
 -1.855   900.3   7.50832   -2.50174  76
 -1.855   900.4   7.46201   -2.51301  77
 -1.852   900.2   7.41572   -2.51231  78
 -1.857   900.3   7.36943   -2.51268  79
 -1.861   900.3   7.32313   -2.51305  80
 -1.867   900.3   7.27684   -2.51285  81
 -1.870   900.3   7.23056   -2.51202  82
 -1.869   900.2   7.18428   -2.51206  83
 -1.880   900.2   7.13799   -2.51311  84
 -1.877   900.6   7.09171   -2.51123  85
 -1.874   900.5   7.04536   -2.51562  86
 -1.892   900.2   6.99911   -2.51159  87
 -1.888   900.7   6.95281   -2.51235  88
 -1.902   900.6   6.90654   -2.51211  89
 -1.914   900.6   6.86025   -2.51332  90
 -1.955   900.5   6.81400   -2.51274  91
 -2.711   900.5   6.76826   -2.50356  92
 -1.917   900.7   6.78012    0.66693  93
 -1.869   900.6   6.78316    0.16836  94
 -1.841   900.8   6.78622    0.16837  95
 -1.785   900.7   6.80854    1.21585  96
 -1.781   900.6   6.85486    2.51415  97
 -1.778   900.7   6.90117    2.51377  98
 -1.777   900.7   6.94744    2.51119  99
 -1.778   900.8   6.99373    2.51264  100
 -1.776   900.9   7.04003    2.51276  101
 -1.774   900.9   7.08632    2.51241  102
 -1.790   900.5   7.13262    2.51170  103
 -1.777   900.8   7.17888    2.51208  104
 -1.780   901.0   7.22519    2.51293  105
 -1.780   900.6   7.27149    2.51308  106
 -1.782   900.5   7.31777    2.51154  107
 -1.781   900.4   7.36405    2.51181  108
 -1.769   901.0   7.41031    2.51160  109
 -1.774   900.6   7.45660    2.51218  110
 -1.774   900.6   7.50286    2.51079  111
 -1.768   900.8   7.54915    2.51269  112
 -1.765   900.7   7.59542    2.51142  113
 -1.750   900.7   7.64168    2.51235  114
 -1.258   900.8   7.68641    2.51274  115
 -0.820   901.0   7.70124    1.02413  116
 -0.779   900.7   7.70924    0.46849  117
 -0.828   900.7   7.71861    0.46838  118
 -0.877   900.5   7.75491    1.93359  119
 -0.906   900.4   7.80155    2.51230  120
 -0.898   900.7   7.84775    2.51242  121
 -0.910   900.6   7.89419    2.51284  122
 -0.913   900.6   7.94033    2.50258  123
 -0.916   900.5   7.98647    2.50199  124
 -0.914   900.7   8.03274    2.51281  125
 -0.911   900.7   8.07899    2.51222  126
 -0.911   900.7   8.12527    2.51168  127
 -0.911   900.5   8.17156    2.51186  128
 -0.921   900.4   8.21796    2.51200  129
 -0.914   900.5   8.26417    2.51269  130
 -0.905   900.6   8.31037    2.51326  131
 -0.902   900.6   8.35660    2.51117  132
 -0.906   900.5   8.40295    2.51281  133
 -0.904   900.5   8.44923    2.51334  134
 -0.902   900.5   8.49553    2.51369  135
 -0.892   900.5   8.54170    2.51241  136
 -0.882   900.7   8.58787    2.51285  137
 -0.871   900.8   8.63403    2.51299  138
 -0.874   900.7   8.68036    2.51309  139
 -0.875   900.5   8.72666    2.51193  140
 -0.862   900.3   8.77277    2.51183  141
 -0.831   900.7   8.81862    2.51123  142
 -0.824   900.4   8.86480    2.51243  143
 -0.743   900.6   8.90981    2.51257  144
 -0.563   900.5   8.95218    2.51171  145
 -0.186   900.9   8.98261    2.51264  146
